name: py310
channels:
  - conda-forge
  - defaults
dependencies:
  - asttokens=2.4.1=pyhd8ed1ab_0
  - bzip2=1.0.8=h2bbff1b_6
  - ca-certificates=2024.3.11=haa95532_0
  - colorama=0.4.6=pyhd8ed1ab_0
  - comm=0.2.2=pyhd8ed1ab_0
  - cudatoolkit=11.2.2=h7d7167e_13
  - cudnn=8.1.0.77=h3e0f4f4_0
  - debugpy=1.8.1=py310h00ffb61_0
  - decorator=5.1.1=pyhd8ed1ab_0
  - exceptiongroup=1.2.0=pyhd8ed1ab_2
  - executing=2.0.1=pyhd8ed1ab_0
  - importlib-metadata=7.1.0=pyha770c72_0
  - importlib_metadata=7.1.0=hd8ed1ab_0
  - ipykernel=6.29.3=pyha63f2e9_0
  - ipython=8.22.2=pyh7428d3b_0
  - jedi=0.19.1=pyhd8ed1ab_0
  - jupyter_client=8.6.1=pyhd8ed1ab_0
  - jupyter_core=5.7.2=py310h5588dad_0
  - libffi=3.4.4=hd77b12b_1
  - libsodium=1.0.18=h8d14728_1
  - matplotlib-inline=0.1.7=pyhd8ed1ab_0
  - nest-asyncio=1.6.0=pyhd8ed1ab_0
  - openssl=3.3.0=hcfcfb64_0
  - packaging=24.0=pyhd8ed1ab_0
  - parso=0.8.4=pyhd8ed1ab_0
  - pickleshare=0.7.5=py_1003
  - platformdirs=4.2.1=pyhd8ed1ab_0
  - prompt-toolkit=3.0.42=pyha770c72_0
  - psutil=5.9.8=py310h8d17308_0
  - pure_eval=0.2.2=pyhd8ed1ab_0
  - pygments=2.18.0=pyhd8ed1ab_0
  - python=3.10.14=he1021f5_0
  - python-dateutil=2.9.0=pyhd8ed1ab_0
  - python_abi=3.10=2_cp310
  - pywin32=306=py310h00ffb61_2
  - pyzmq=26.0.2=py310h656833d_0
  - setuptools=68.2.2=py310haa95532_0
  - six=1.16.0=pyh6c4a22f_0
  - sqlite=3.45.3=h2bbff1b_0
  - stack_data=0.6.2=pyhd8ed1ab_0
  - tk=8.6.12=h2bbff1b_0
  - tornado=6.4=py310h8d17308_0
  - traitlets=5.14.3=pyhd8ed1ab_0
  - typing_extensions=4.11.0=pyha770c72_0
  - ucrt=10.0.22621.0=h57928b3_0
  - vc=14.2=h21ff451_1
  - vc14_runtime=14.38.33130=h82b7239_18
  - vs2015_runtime=14.38.33130=hcb4865c_18
  - wcwidth=0.2.13=pyhd8ed1ab_0
  - wheel=0.43.0=py310haa95532_0
  - xz=5.4.6=h8cc25b3_1
  - zeromq=4.3.5=he0c23c2_3
  - zipp=3.17.0=pyhd8ed1ab_0
  - zlib=1.2.13=h8cc25b3_1
  - pip:
      - absl-py==2.1.0
      - astunparse==1.6.3
      - cachetools==5.3.3
      - certifi==2024.2.2
      - charset-normalizer==3.3.2
      - cloudpickle==3.0.0
      - cmdstanpy==1.2.2
      - contourpy==1.2.1
      - cycler==0.12.1
      - flatbuffers==24.3.25
      - fonttools==4.51.0
      - future==1.0.0
      - gast==0.4.0
      - google-auth==2.29.0
      - google-auth-oauthlib==0.4.6
      - google-pasta==0.2.0
      - grpcio==1.63.0
      - h5py==3.11.0
      - holidays==0.47
      - hyperopt==0.2.7
      - idna==3.7
      - importlib-resources==6.4.0
      - joblib==1.4.2
      - keras==2.10.0
      - keras-preprocessing==1.1.2
      - kiwisolver==1.4.5
      - libclang==18.1.1
      - markdown==3.6
      - markupsafe==2.1.5
      - matplotlib==3.8.4
      - networkx==3.3
      - numpy==1.26.4
      - oauthlib==3.2.2
      - opt-einsum==3.3.0
      - pandas==2.2.2
      - patsy==0.5.6
      - pillow==10.3.0
      - pip==24.0
      - prophet==1.1.5
      - protobuf==3.19.6
      - py4j==0.10.9.7
      - pyasn1==0.6.0
      - pyasn1-modules==0.4.0
      - pyparsing==3.1.2
      - pytz==2024.1
      - requests==2.31.0
      - requests-oauthlib==2.0.0
      - rsa==4.9
      - scikit-learn==1.4.2
      - scipy==1.13.0
      - seaborn==0.13.2
      - stanio==0.5.0
      - statsmodels==0.14.2
      - tensorboard==2.10.1
      - tensorboard-data-server==0.6.1
      - tensorboard-plugin-wit==1.8.1
      - tensorflow==2.10.0
      - tensorflow-estimator==2.10.0
      - tensorflow-io-gcs-filesystem==0.31.0
      - termcolor==2.4.0
      - threadpoolctl==3.5.0
      - tqdm==4.66.4
      - tzdata==2024.1
      - urllib3==2.2.1
      - werkzeug==3.0.2
      - wrapt==1.16.0
      - xgboost==2.0.3
prefix: C:\Users\iskorpittt\anaconda3\envs\py310
